Nome,Resultado main,Resultado completo,Resultado aluno,Média
Mateus,,,,
